1111111111111111111111111111
1000000000000110000000000001
1011110111110110111110111101
1p111101111101101111101111p1
1011110111110110111110111101
1000000000000000000000000001
1011110110111111110110111101
1011110110111111110110111101
1000000110000110000110000001
1111110111110110111110111111
xxxxx101111101101111101xxxxx
xxxxx101100000000001101xxxxx
xxxxx101101111111101101xxxxx
1111110110100000010110111111
0000000000100000010000000000
1111110110100000010110111111
0000010110111111110110100000
0000010110000000000110100000
0000010110111111110110100000
1111110110111111110110111111
1000000000000110000000000001
1011110111110110111110111101
1011110111110110111110111101
1P00110000000SS00000001100P1
1110110110111111110110110111
1110110110111111110110110111
1000000110000110000110000001
1011111111110110111111111101
1011111111110110111111111101
1000000000000000000000000001
1111111111111111111111111111